#            configname    selected           comp(a)    formation_energy         clex()
    SCEL1_1_1_1_0_0_0/1           1        1.00000000         -0.00000000    -0.00068652
    SCEL2_1_1_2_0_0_0/0           1        0.50000000         -0.27793807    -0.27446664
    SCEL2_1_2_1_1_0_0/0           1        0.50000000         -0.31489806    -0.31234901
    SCEL2_2_1_1_0_1_1/0           1        0.50000000         -0.44575015    -0.44307394
    SCEL3_1_1_3_0_0_0/1           1        0.66666667         -0.18983046    -0.19232712
    SCEL3_1_3_1_1_0_0/1           1        0.66666667         -0.22707334    -0.22335761
    SCEL3_3_1_1_0_1_1/1           1        0.66666667         -0.26528124    -0.26654194
    SCEL4_1_1_4_0_0_0/1           1        0.50000000         -0.21259283    -0.21698897
    SCEL4_1_1_4_0_0_0/2           1        0.75000000         -0.14527030    -0.14641853
    SCEL4_1_2_2_0_0_0/1           1        0.75000000         -0.16907248    -0.17555590
    SCEL4_1_4_1_1_0_0/1           1        0.50000000         -0.25573729    -0.26027496
    SCEL4_1_4_1_1_0_0/2           1        0.75000000         -0.17367692    -0.17423296
    SCEL4_1_4_1_2_0_0/1           1        0.50000000         -0.30346717    -0.30139323
    SCEL4_1_4_1_2_0_0/2           1        0.75000000         -0.17180525    -0.17531129
    SCEL4_2_1_2_0_0_1/1           1        0.75000000         -0.21415420    -0.21101414
    SCEL4_2_1_2_0_1_1/1           1        0.50000000         -0.38608833    -0.38053049
    SCEL4_2_1_2_0_1_1/2           1        0.75000000         -0.20437203    -0.19982392
    SCEL4_2_2_1_1_0_1/1           1        0.50000000         -0.34751141    -0.34577815
    SCEL4_2_2_1_1_0_1/2           1        0.75000000         -0.19825662    -0.20485496
    SCEL4_2_2_1_1_1_0/1           1        0.75000000         -0.19851381    -0.19934136
    SCEL4_4_1_1_0_3_3/1           1        0.50000000         -0.29136835    -0.29188179
    SCEL4_4_1_1_0_3_3/2           1        0.75000000         -0.21930827    -0.21749299
    SCEL5_1_1_5_0_0_0/3           1        0.60000000         -0.18968055    -0.17532973
    SCEL5_1_1_5_0_0_0/4           1        0.60000000         -0.22532532    -0.22518293
    SCEL5_1_1_5_0_0_0/5           1        0.80000000         -0.11126028    -0.11727213
    SCEL5_1_5_1_2_0_0/2           1        0.60000000         -0.26200812    -0.25106642
    SCEL5_1_5_1_2_0_0/3           1        0.80000000         -0.14417230    -0.14266281
    SCEL5_1_5_1_4_0_0/3           1        0.60000000         -0.22775629    -0.22231503
    SCEL5_1_5_1_4_0_0/4           1        0.60000000         -0.26591433    -0.26331580
    SCEL5_1_5_1_4_0_0/5           1        0.80000000         -0.13741166    -0.14388530
    SCEL5_5_1_1_0_1_1/3           1        0.60000000         -0.34071862    -0.33213458
    SCEL5_5_1_1_0_1_1/4           1        0.60000000         -0.25901919    -0.26027515
    SCEL5_5_1_1_0_1_1/5           1        0.80000000         -0.17879946    -0.17437397
    SCEL5_5_1_1_0_3_1/3           1        0.60000000         -0.29972110    -0.29946023
    SCEL5_5_1_1_0_3_1/4           1        0.60000000         -0.30450751    -0.28580777
    SCEL5_5_1_1_0_3_1/5           1        0.80000000         -0.16700872    -0.16713055
    SCEL6_1_1_6_0_0_0/4           1        0.50000000         -0.23396028    -0.23481381
    SCEL6_1_1_6_0_0_0/5           1        0.66666667         -0.16088848    -0.14622253
    SCEL6_1_1_6_0_0_0/6           1        0.66666667         -0.19518331    -0.18910124
    SCEL6_1_1_6_0_0_0/7           1        0.83333333         -0.09733629    -0.09784120
    SCEL6_1_2_3_0_0_0/3           1        0.50000000         -0.31023150    -0.30771391
    SCEL6_1_2_3_0_0_0/4           1        0.50000000         -0.26877876    -0.26984931
    SCEL6_1_2_3_0_0_0/5           1        0.66666667         -0.22780846    -0.23082220
    SCEL6_1_2_3_0_0_0/6           1        0.66666667         -0.22689801    -0.22575846
    SCEL6_1_2_3_0_0_0/7           1        0.83333333         -0.11710623    -0.12343415
    SCEL6_1_2_3_1_0_0/3           1        0.50000000         -0.29159387    -0.28974894
    SCEL6_1_2_3_1_0_0/4           1        0.50000000         -0.26790747    -0.26851493
    SCEL6_1_2_3_1_0_0/5           1        0.66666667         -0.22067955    -0.22292663
    SCEL6_1_2_3_1_0_0/6           1        0.66666667         -0.23227193    -0.22831652
    SCEL6_1_2_3_1_0_0/7           1        0.83333333         -0.11947658    -0.12209977
    SCEL6_1_3_2_1_0_0/3           1        0.50000000         -0.26561163    -0.26693739
    SCEL6_1_3_2_1_0_0/4           1        0.50000000         -0.29080710    -0.28787126
    SCEL6_1_3_2_1_0_0/5           1        0.66666667         -0.21845321    -0.21562926
    SCEL6_1_3_2_1_0_0/6           1        0.66666667         -0.22703972    -0.21772573
    SCEL6_1_3_2_1_0_0/7           1        0.83333333         -0.12035033    -0.12036771
    SCEL6_1_6_1_1_0_0/3           1        0.50000000         -0.21817181    -0.21483137
    SCEL6_1_6_1_1_0_0/4           1        0.50000000         -0.27772116    -0.27800162
    SCEL6_1_6_1_1_0_0/5           1        0.66666667         -0.19399079    -0.18901164
    SCEL6_1_6_1_1_0_0/6           1        0.66666667         -0.22483736    -0.22390634
    SCEL6_1_6_1_1_0_0/7           1        0.83333333         -0.11634207    -0.12001884
    SCEL6_2_1_3_0_0_1/3           1        0.50000000         -0.40469766    -0.39870955
    SCEL6_2_1_3_0_0_1/4           1        0.50000000         -0.28777840    -0.29575508
    SCEL6_2_1_3_0_0_1/5           1        0.66666667         -0.27974252    -0.28179899
    SCEL6_2_1_3_0_0_1/6           1        0.66666667         -0.26576188    -0.26598700
    SCEL6_2_1_3_0_0_1/7           1        0.83333333         -0.14628121    -0.14313104
    SCEL6_2_1_3_0_1_1/3           1        0.50000000         -0.35456186    -0.36047209
    SCEL6_2_1_3_0_1_1/4           1        0.50000000         -0.28851517    -0.29708946
    SCEL6_2_1_3_0_1_1/5           1        0.66666667         -0.25385148    -0.26119561
    SCEL6_2_1_3_0_1_1/6           1        0.66666667         -0.28954428    -0.29192790
    SCEL6_2_1_3_0_1_1/7           1        0.83333333         -0.14546272    -0.14446542
    SCEL6_3_1_2_0_2_1/3           1        0.50000000         -0.31047407    -0.31305432
    SCEL6_3_1_2_0_2_1/4           1        0.50000000         -0.34301996    -0.34170390
    SCEL6_3_1_2_0_2_1/5           1        0.66666667         -0.25305821    -0.25115144
    SCEL6_3_1_2_0_2_1/6           1        0.66666667         -0.24934075    -0.24853854
    SCEL6_3_1_2_0_2_1/7           1        0.83333333         -0.14044144    -0.13870091
    SCEL6_3_2_1_0_1_0/3           1        0.50000000         -0.36936176    -0.37391685
    SCEL6_3_2_1_0_1_0/4           1        0.50000000         -0.31145900    -0.31461612
    SCEL6_3_2_1_0_1_0/5           1        0.66666667         -0.26871618    -0.27392099
    SCEL6_3_2_1_0_1_0/6           1        0.66666667         -0.25758517    -0.25896808
    SCEL6_3_2_1_0_1_0/7           1        0.83333333         -0.14231995    -0.14338988
    SCEL6_3_2_1_1_1_0/3           1        0.50000000         -0.33397909    -0.33740151
    SCEL6_3_2_1_1_1_0/4           1        0.50000000         -0.30978965    -0.30864415
    SCEL6_3_2_1_1_1_0/5           1        0.66666667         -0.25496307    -0.25953578
    SCEL6_3_2_1_1_1_0/6           1        0.66666667         -0.26116267    -0.25932011
    SCEL6_3_2_1_1_1_0/7           1        0.83333333         -0.14086004    -0.14234527
    SCEL6_6_1_1_0_4_1/3           1        0.50000000         -0.27704487    -0.28280161
    SCEL6_6_1_1_0_4_1/4           1        0.50000000         -0.34536122    -0.33729759
    SCEL6_6_1_1_0_4_1/5           1        0.66666667         -0.24417982    -0.24429188
    SCEL6_6_1_1_0_4_1/6           1        0.66666667         -0.26185944    -0.25281185
    SCEL6_6_1_1_0_4_1/7           1        0.83333333         -0.14270467    -0.14181410
    SCEL6_6_1_1_0_5_3/3           1        0.50000000         -0.30723560    -0.32115867
    SCEL6_6_1_1_0_5_3/4           1        0.50000000         -0.31042933    -0.31547719
    SCEL6_6_1_1_0_5_3/5           1        0.66666667         -0.24948255    -0.25237367
    SCEL6_6_1_1_0_5_3/6           1        0.66666667         -0.29532258    -0.29494461
    SCEL6_6_1_1_0_5_3/7           1        0.83333333         -0.14618669    -0.14974342
    SCEL6_6_1_1_0_5_5/3           1        0.50000000         -0.23754328    -0.25275983
    SCEL6_6_1_1_0_5_5/4           1        0.50000000         -0.33324011    -0.34068089
    SCEL6_6_1_1_0_5_5/5           1        0.66666667         -0.22407221    -0.22259107
    SCEL6_6_1_1_0_5_5/6           1        0.66666667         -0.29166000    -0.29388197
    SCEL6_6_1_1_0_5_5/7           1        0.83333333         -0.14409098    -0.14811546
