#            configname    selected           comp(a)    formation_energy        clex()
    SCEL1_1_1_1_0_0_0/0           1        0.00000000         -0.00000000    0.02983163
    SCEL1_1_1_1_0_0_0/1           1        1.00000000         -0.00000000    0.04234423
    SCEL2_1_1_2_0_0_0/0           1        0.50000000         -0.27793807    -0.27230650
    SCEL2_1_2_1_1_0_0/0           1        0.50000000         -0.31489806    -0.30595814
    SCEL2_2_1_1_0_1_1/0           1        0.50000000         -0.44575015    -0.41351737
    SCEL3_1_1_3_0_0_0/0           1        0.33333333         -0.22717535    -0.24502483
    SCEL3_1_1_3_0_0_0/1           1        0.66666667         -0.18983046    -0.20587829
    SCEL3_1_3_1_1_0_0/0           1        0.33333333         -0.24595592    -0.26166590
    SCEL3_1_3_1_1_0_0/1           1        0.66666667         -0.22707334    -0.23343651
    SCEL3_3_1_1_0_1_1/0           1        0.33333333         -0.23660307    -0.26808934
    SCEL3_3_1_1_0_1_1/1           1        0.66666667         -0.26528124    -0.28824298
    SCEL4_1_1_4_0_0_0/0           1        0.25000000         -0.18112713    -0.18601733
    SCEL4_1_1_4_0_0_0/1           1        0.50000000         -0.21259283    -0.22143731
    SCEL4_1_1_4_0_0_0/2           1        0.75000000         -0.14527030    -0.15352927
    SCEL4_1_2_2_0_0_0/0           1        0.25000000         -0.22383110    -0.22433097
    SCEL4_1_2_2_0_0_0/1           1        0.75000000         -0.16907248    -0.18291063
    SCEL4_1_4_1_1_0_0/0           1        0.25000000         -0.21157581    -0.21861094
    SCEL4_1_4_1_1_0_0/1           1        0.50000000         -0.25573729    -0.25888046
    SCEL4_1_4_1_1_0_0/2           1        0.75000000         -0.17367692    -0.17520463
    SCEL4_1_4_1_2_0_0/0           1        0.25000000         -0.21460144    -0.22077144
    SCEL4_1_4_1_2_0_0/1           1        0.50000000         -0.30346717    -0.29163005
    SCEL4_1_4_1_2_0_0/2           1        0.75000000         -0.17180525    -0.18896790
    SCEL4_2_1_2_0_0_1/0           1        0.25000000         -0.24288670    -0.25032929
    SCEL4_2_1_2_0_0_1/1           1        0.75000000         -0.21415420    -0.22751776
    SCEL4_2_1_2_0_1_1/0           1        0.25000000         -0.24698359    -0.26127024
    SCEL4_2_1_2_0_1_1/1           1        0.50000000         -0.38608833    -0.35538789
    SCEL4_2_1_2_0_1_1/2           1        0.75000000         -0.20437203    -0.21222694
    SCEL4_2_2_1_1_0_1/0           1        0.25000000         -0.21864866    -0.24604893
    SCEL4_2_2_1_1_0_1/1           1        0.50000000         -0.34751141    -0.33031168
    SCEL4_2_2_1_1_0_1/2           1        0.75000000         -0.19825662    -0.21919786
    SCEL4_2_2_1_1_1_0/0           1        0.25000000         -0.23648967    -0.24943441
    SCEL4_2_2_1_1_1_0/1           1        0.75000000         -0.19851381    -0.19145883
    SCEL4_4_1_1_0_3_3/0           1        0.25000000         -0.23436417    -0.23462772
    SCEL4_4_1_1_0_3_3/1           1        0.50000000         -0.29136835    -0.27775216
    SCEL4_4_1_1_0_3_3/2           1        0.75000000         -0.21930827    -0.23183916
    SCEL5_1_1_5_0_0_0/0           1        0.20000000         -0.15086913    -0.14284754
    SCEL5_1_1_5_0_0_0/1           1        0.40000000         -0.18594287    -0.17894881
    SCEL5_1_1_5_0_0_0/2           1        0.40000000         -0.25911951    -0.25593750
    SCEL5_1_1_5_0_0_0/3           1        0.60000000         -0.18968055    -0.17644629
    SCEL5_1_1_5_0_0_0/4           1        0.60000000         -0.22532532    -0.23244957
    SCEL5_1_1_5_0_0_0/5           1        0.80000000         -0.11126028    -0.11435457
    SCEL5_1_5_1_2_0_0/0           1        0.20000000         -0.17944698    -0.17762838
    SCEL5_1_5_1_2_0_0/1           1        0.40000000         -0.27854054    -0.26915362
    SCEL5_1_5_1_2_0_0/2           1        0.60000000         -0.26200812    -0.25569761
    SCEL5_1_5_1_2_0_0/3           1        0.80000000         -0.14417230    -0.14821383
    SCEL5_1_5_1_4_0_0/0           1        0.20000000         -0.17517913    -0.17878802
    SCEL5_1_5_1_4_0_0/1           1        0.40000000         -0.22866903    -0.24472476
    SCEL5_1_5_1_4_0_0/2           1        0.40000000         -0.30178427    -0.28924838
    SCEL5_1_5_1_4_0_0/3           1        0.60000000         -0.22775629    -0.22693734
    SCEL5_1_5_1_4_0_0/4           1        0.60000000         -0.26591433    -0.27231075
    SCEL5_1_5_1_4_0_0/5           1        0.80000000         -0.13741166    -0.14156045
    SCEL5_5_1_1_0_1_1/0           1        0.20000000         -0.17652589    -0.18766329
    SCEL5_5_1_1_0_1_1/1           1        0.40000000         -0.31636413    -0.32334517
    SCEL5_5_1_1_0_1_1/2           1        0.40000000         -0.25310689    -0.26888402
    SCEL5_5_1_1_0_1_1/3           1        0.60000000         -0.34071862    -0.33630132
    SCEL5_5_1_1_0_1_1/4           1        0.60000000         -0.25901919    -0.25283305
    SCEL5_5_1_1_0_1_1/5           1        0.80000000         -0.17879946    -0.18206595
    SCEL5_5_1_1_0_3_1/0           1        0.20000000         -0.18699769    -0.19739640
    SCEL5_5_1_1_0_3_1/1           1        0.40000000         -0.31487488    -0.31872749
    SCEL5_5_1_1_0_3_1/2           1        0.40000000         -0.29790289    -0.29321889
    SCEL5_5_1_1_0_3_1/3           1        0.60000000         -0.29972110    -0.31187497
    SCEL5_5_1_1_0_3_1/4           1        0.60000000         -0.30450751    -0.28749444
    SCEL5_5_1_1_0_3_1/5           1        0.80000000         -0.16700872    -0.18231692
    SCEL6_1_1_6_0_0_0/0           1        0.16666667         -0.13500666    -0.11406768
    SCEL6_1_1_6_0_0_0/1           1        0.33333333         -0.17938104    -0.14415207
    SCEL6_1_1_6_0_0_0/2           1        0.33333333         -0.22853946    -0.21478039
    SCEL6_1_1_6_0_0_0/4           1        0.50000000         -0.23396028    -0.23192264
    SCEL6_1_1_6_0_0_0/5           1        0.66666667         -0.16088848    -0.13998121
    SCEL6_1_1_6_0_0_0/6           1        0.66666667         -0.19518331    -0.19312168
    SCEL6_1_1_6_0_0_0/7           1        0.83333333         -0.09733629    -0.08823811
    SCEL6_1_2_3_0_0_0/0           1        0.16666667         -0.14521059    -0.15816547
    SCEL6_1_2_3_0_0_0/1           1        0.33333333         -0.26519725    -0.26902627
    SCEL6_1_2_3_0_0_0/2           1        0.33333333         -0.25566685    -0.25357985
    SCEL6_1_2_3_0_0_0/3           1        0.50000000         -0.31023150    -0.29949386
    SCEL6_1_2_3_0_0_0/4           1        0.50000000         -0.26877876    -0.26966167
    SCEL6_1_2_3_0_0_0/5           1        0.66666667         -0.22780846    -0.24154124
    SCEL6_1_2_3_0_0_0/6           1        0.66666667         -0.22689801    -0.22980029
    SCEL6_1_2_3_0_0_0/7           1        0.83333333         -0.11710623    -0.11961839
    SCEL6_1_2_3_1_0_0/0           1        0.16666667         -0.15315115    -0.15662158
    SCEL6_1_2_3_1_0_0/1           1        0.33333333         -0.25664693    -0.24811905
    SCEL6_1_2_3_1_0_0/2           1        0.33333333         -0.26997723    -0.26831151
    SCEL6_1_2_3_1_0_0/3           1        0.50000000         -0.29159387    -0.28210109
    SCEL6_1_2_3_1_0_0/4           1        0.50000000         -0.26790747    -0.26811778
    SCEL6_1_2_3_1_0_0/5           1        0.66666667         -0.22067955    -0.23075069
    SCEL6_1_2_3_1_0_0/6           1        0.66666667         -0.23227193    -0.23441528
    SCEL6_1_2_3_1_0_0/7           1        0.83333333         -0.11947658    -0.11807450
    SCEL6_1_3_2_1_0_0/0           1        0.16666667         -0.14564737    -0.15346233
    SCEL6_1_3_2_1_0_0/1           1        0.33333333         -0.24820136    -0.24703276
    SCEL6_1_3_2_1_0_0/2           1        0.33333333         -0.24886180    -0.25103370
    SCEL6_1_3_2_1_0_0/3           1        0.50000000         -0.26561163    -0.26376853
    SCEL6_1_3_2_1_0_0/4           1        0.50000000         -0.29080710    -0.27730507
    SCEL6_1_3_2_1_0_0/5           1        0.66666667         -0.21845321    -0.22099656
    SCEL6_1_3_2_1_0_0/6           1        0.66666667         -0.22703972    -0.22553359
    SCEL6_1_3_2_1_0_0/7           1        0.83333333         -0.12035033    -0.11750868
    SCEL6_1_6_1_1_0_0/0           1        0.16666667         -0.15338298    -0.14401807
    SCEL6_1_6_1_1_0_0/1           1        0.33333333         -0.21916237    -0.20718669
    SCEL6_1_6_1_1_0_0/2           1        0.33333333         -0.26349247    -0.25594800
    SCEL6_1_6_1_1_0_0/3           1        0.50000000         -0.21817181    -0.22046478
    SCEL6_1_6_1_1_0_0/4           1        0.50000000         -0.27772116    -0.26928344
    SCEL6_1_6_1_1_0_0/5           1        0.66666667         -0.19399079    -0.19027840
    SCEL6_1_6_1_1_0_0/6           1        0.66666667         -0.22483736    -0.22701046
    SCEL6_1_6_1_1_0_0/7           1        0.83333333         -0.11634207    -0.11090967
    SCEL6_2_1_3_0_0_1/0           1        0.16666667         -0.16325545    -0.17141745
    SCEL6_2_1_3_0_0_1/1           1        0.33333333         -0.28555928    -0.30759383
    SCEL6_2_1_3_0_0_1/2           1        0.33333333         -0.29086322    -0.27828903
    SCEL6_2_1_3_0_0_1/3           1        0.50000000         -0.40469766    -0.36182223
    SCEL6_2_1_3_0_0_1/4           1        0.50000000         -0.28777840    -0.28804807
    SCEL6_2_1_3_0_0_1/5           1        0.66666667         -0.27974252    -0.29085762
    SCEL6_2_1_3_0_0_1/6           1        0.66666667         -0.26576188    -0.26429832
    SCEL6_2_1_3_0_0_1/7           1        0.83333333         -0.14628121    -0.14313920
    SCEL6_2_1_3_0_1_1/0           1        0.16666667         -0.16846861    -0.17788852
    SCEL6_2_1_3_0_1_1/1           1        0.33333333         -0.29349691    -0.29852515
    SCEL6_2_1_3_0_1_1/2           1        0.33333333         -0.30786608    -0.31324202
    SCEL6_2_1_3_0_1_1/3           1        0.50000000         -0.35456186    -0.35185345
    SCEL6_2_1_3_0_1_1/4           1        0.50000000         -0.28851517    -0.29451914
    SCEL6_2_1_3_0_1_1/5           1        0.66666667         -0.25385148    -0.26704660
    SCEL6_2_1_3_0_1_1/6           1        0.66666667         -0.28954428    -0.31399365
    SCEL6_2_1_3_0_1_1/7           1        0.83333333         -0.14546272    -0.14961028
    SCEL6_3_1_2_0_2_1/0           1        0.16666667         -0.15083332    -0.15936775
    SCEL6_3_1_2_0_2_1/1           1        0.33333333         -0.24971681    -0.27110978
    SCEL6_3_1_2_0_2_1/2           1        0.33333333         -0.27597750    -0.26842862
    SCEL6_3_1_2_0_2_1/3           1        0.50000000         -0.31047407    -0.29889922
    SCEL6_3_1_2_0_2_1/4           1        0.50000000         -0.34301996    -0.30904896
    SCEL6_3_1_2_0_2_1/5           1        0.66666667         -0.25305821    -0.26492306
    SCEL6_3_1_2_0_2_1/6           1        0.66666667         -0.24934075    -0.24101151
    SCEL6_3_1_2_0_2_1/7           1        0.83333333         -0.14044144    -0.14447609
    SCEL6_3_2_1_0_1_0/0           1        0.16666667         -0.14794656    -0.16281390
    SCEL6_3_2_1_0_1_0/1           1        0.33333333         -0.26021198    -0.29318565
    SCEL6_3_2_1_0_1_0/2           1        0.33333333         -0.28090271    -0.26000314
    SCEL6_3_2_1_0_1_0/3           1        0.50000000         -0.36936176    -0.33660692
    SCEL6_3_2_1_0_1_0/4           1        0.50000000         -0.31145900    -0.29551467
    SCEL6_3_2_1_0_1_0/5           1        0.66666667         -0.26871618    -0.28410126
    SCEL6_3_2_1_0_1_0/6           1        0.66666667         -0.25758517    -0.25298335
    SCEL6_3_2_1_0_1_0/7           1        0.83333333         -0.14231995    -0.14457631
    SCEL6_3_2_1_1_1_0/0           1        0.16666667         -0.16026067    -0.16826059
    SCEL6_3_2_1_1_1_0/1           1        0.33333333         -0.27308341    -0.28603928
    SCEL6_3_2_1_1_1_0/2           1        0.33333333         -0.28812768    -0.27980839
    SCEL6_3_2_1_1_1_0/3           1        0.50000000         -0.33397909    -0.32892067
    SCEL6_3_2_1_1_1_0/4           1        0.50000000         -0.30978965    -0.29639741
    SCEL6_3_2_1_1_1_0/5           1        0.66666667         -0.25496307    -0.27410965
    SCEL6_3_2_1_1_1_0/6           1        0.66666667         -0.26116267    -0.25737801
    SCEL6_3_2_1_1_1_0/7           1        0.83333333         -0.14086004    -0.14089509
    SCEL6_6_1_1_0_4_1/0           1        0.16666667         -0.15575346    -0.15865364
    SCEL6_6_1_1_0_4_1/1           1        0.33333333         -0.26107976    -0.25852085
    SCEL6_6_1_1_0_4_1/2           1        0.33333333         -0.28499867    -0.27463764
    SCEL6_6_1_1_0_4_1/3           1        0.50000000         -0.27704487    -0.27777864
    SCEL6_6_1_1_0_4_1/4           1        0.50000000         -0.34536122    -0.30657312
    SCEL6_6_1_1_0_4_1/5           1        0.66666667         -0.24417982    -0.24022251
    SCEL6_6_1_1_0_4_1/6           1        0.66666667         -0.26185944    -0.25228522
    SCEL6_6_1_1_0_4_1/7           1        0.83333333         -0.14270467    -0.14023851
    SCEL6_6_1_1_0_5_3/1           1        0.33333333         -0.26847743    -0.26369859
    SCEL6_6_1_1_0_5_3/2           1        0.33333333         -0.30453135    -0.31359193
    SCEL6_6_1_1_0_5_3/3           1        0.50000000         -0.30723560    -0.31381043
    SCEL6_6_1_1_0_5_3/4           1        0.50000000         -0.31042933    -0.30158312
    SCEL6_6_1_1_0_5_3/5           1        0.66666667         -0.24948255    -0.25585844
    SCEL6_6_1_1_0_5_3/6           1        0.66666667         -0.29532258    -0.30567204
    SCEL6_6_1_1_0_5_3/7           1        0.83333333         -0.14618669    -0.15073080
    SCEL6_6_1_1_0_5_5/0           1        0.16666667         -0.15244754    -0.15806318
    SCEL6_6_1_1_0_5_5/1           1        0.33333333         -0.25069191    -0.23733569
    SCEL6_6_1_1_0_5_5/2           1        0.33333333         -0.30145919    -0.30512620
    SCEL6_6_1_1_0_5_5/3           1        0.50000000         -0.23754328    -0.26289420
    SCEL6_6_1_1_0_5_5/4           1        0.50000000         -0.33324011    -0.31181528
    SCEL6_6_1_1_0_5_5/5           1        0.66666667         -0.22407221    -0.22115448
    SCEL6_6_1_1_0_5_5/6           1        0.66666667         -0.29166000    -0.30398714
    SCEL6_6_1_1_0_5_5/7           1        0.83333333         -0.14409098    -0.15131330
